0.062083
-0.052602
0.025698
0.006832
-0.031592
0.040433
-0.034101
0.020785
-0.010615
0.009426
-0.015436
0.020710
-0.016463
-0.000994
0.027209
-0.051318
0.061637
-0.051991
0.025214
0.008158
-0.035233
0.047177
-0.043156
0.029755
-0.016423
0.009725
-0.009749
0.010706
-0.005211
-0.010366
0.032760
-0.052818
0.060178
-0.049014
0.021561
0.012588
-0.041079
0.054734
-0.051621
0.037119
-0.020154
0.007919
-0.002143
-0.001010
0.007539
-0.020878
0.038768
-0.053710
0.056838
-0.043045
0.014385
0.020230
-0.049000
0.062717
-0.058829
0.041952
-0.020734
0.002989
0.008096
-0.014626
0.021363
-0.031563
0.043938
-0.052664
0.050524
-0.033408
0.003497
0.030807
-0.058329
0.070164
-0.063624
0.043029
-0.017034
-0.005890
0.021287
-0.029824
0.035291
-0.040949
0.046582
-0.048118
0.040119
-0.019645
-0.010842
0.043416
-0.067701
0.075473
-0.064406
0.038977
-0.008116
-0.019052
0.037052
-0.045503
0.047632
-0.047024
0.044731
-0.038542
0.024848
-0.001908
-0.027573
0.056289
-0.074962
0.076483
-0.059363
0.028625
0.006358
-0.035928
0.053969
-0.059577
0.055947
-0.047399
0.036485
-0.022907
0.004799
0.018569
-0.044508
0.066670
-0.077289
0.070813
-0.046982
0.011595
0.025560
-0.054607
0.069337
-0.068986
0.057319
-0.039807
0.020657
-0.001374
-0.018482
0.039070
-0.058212
0.071019
-0.071686
0.056575
-0.026849
-0.010953
0.046939
-0.071572
0.079271
-0.070136
0.049074
-0.022989
-0.002329
0.023960
-0.041527
0.055322
-0.064351
0.065726
-0.055956
0.033435
-0.000609
-0.035648
0.065968
-0.081933
0.079385
-0.059939
0.029998
0.002138
-0.029527
0.048580
-0.059003
0.062099
-0.058749
0.048462
-0.030105
0.003812
0.027273
-0.056735
0.076620
-0.080486
0.066265
-0.037430
0.001807
0.031423
-0.055038
0.065852
-0.064714
0.054770
-0.039223
0.019961
0.002253
-0.026370
0.049575
-0.066979
0.072979
-0.063757
0.039583
-0.005570
-0.029714
0.057244
-0.070752
0.068643
-0.053824
0.031734
-0.007786
-0.014418
0.033302
-0.048193
0.057884
-0.060034
0.051994
-0.032648
0.004133
0.027741
-0.054938
0.069987
-0.068839
0.052397
-0.025969
-0.003011
0.027837
-0.044551
0.052320
-0.052304
0.045975
-0.034039
0.016630
0.005477
-0.029570
0.050713
-0.062965
0.061694
-0.045843
0.018907
0.012017
-0.038749
0.054950
-0.058080
0.049597
-0.033509
0.014247
0.004953
-0.022400
0.037127
-0.047718
0.051798
-0.046729
0.031216
-0.006888
-0.021242
0.045956
-0.060294
0.060192
-0.046025
0.022320
0.004171
-0.027048
0.042252
-0.048633
0.047130
-0.039320
0.026361
-0.008970
-0.011679
0.032922
-0.050354
0.058858
-0.054602
0.037033
-0.009750
-0.020343
0.045341
-0.059086
0.059111
-0.046968
0.026984
-0.004232
-0.017181
0.034751
-0.047108
0.053087
-0.051219
0.040168
-0.019939
-0.006926
0.035071
-0.057488
0.067775
-0.062561
0.042913
-0.014038
-0.016595
0.041838
-0.056973
0.060523
-0.053668
0.038890
-0.018784
-0.004334
0.027987
-0.048887
0.062827
-0.065596
0.054650
-0.030741
-0.001480
0.034425
-0.059857
0.071587
-0.067403
0.049443
-0.022972
-0.005706
0.031182
-0.049926
0.060160
-0.061129
0.052537
-0.034660
0.009094
0.020480
-0.048290
0.067635
-0.072962
0.062005
-0.036936
0.003922
0.028845
-0.053777
0.066079
-0.064660
0.051594
-0.030688
0.006027
0.018803
-0.040691
0.056593
-0.063427
0.058688
-0.041655
0.014529
0.017310
-0.046375
0.065259
-0.069091
0.057187
-0.033175
0.003575
0.024485
-0.045386
0.056144
-0.056329
0.047173
-0.030638
0.008991
0.014988
-0.037627
0.054421
-0.060920
0.054282
-0.034772
0.006379
0.023981
-0.048515
0.061070
-0.059058
0.044013
-0.020641
-0.005057
0.027693
-0.043628
0.051114
-0.049751
0.039907
-0.022609
-0.000066
0.024526
-0.045750
0.058287
-0.057987
0.043749
-0.018416
-0.011757
0.038981
-0.056423
0.060286
-0.050660
0.030951
-0.006321
-0.018020
0.037949
-0.050724
0.054710
-0.049085
0.033970
-0.010977
-0.016259
0.042187
-0.060424
0.065639
-0.055524
0.031933
-0.000597
-0.030594
0.054049
-0.064701
0.061147
-0.045429
0.021805
0.004751
-0.029655
0.049133
-0.060197
0.060636
-0.049406
0.027378
0.002021
-0.032879
0.057929
-0.070577
0.067075
-0.047946
0.017981
0.015252
-0.043771
0.061474
-0.065513
0.056402
-0.037133
0.011920
0.014777
-0.038713
0.055969
-0.063156
0.058018
-0.040374
0.012920
0.018726
-0.047107
0.064965
-0.067534
0.054158
-0.028532
-0.002542
0.031364
-0.051593
0.059713
-0.055337
0.040542
-0.018804
-0.005871
0.029387
-0.047710
0.057135
-0.054965
0.040514
-0.015970
-0.013486
0.040690
-0.058479
0.061965
-0.050197
0.026495
0.002691
-0.029900
0.048888
-0.056136
0.051216
-0.036201
0.014625
0.009420
-0.031783
0.048478
-0.055986
0.051908
-0.035898
0.010447
0.019079
-0.045474
0.061671
-0.062996
0.048794
-0.022741
-0.008326
0.036581
-0.055503
0.061471
-0.054199
0.036157
-0.011470
-0.015116
0.038901
-0.055602
0.061727
-0.055214
0.036263
-0.007975
-0.023743
0.051322
-0.067551
0.067830
-0.051768
0.023438
0.009859
-0.039841
0.059645
-0.065497
0.057207
-0.037576
0.011214
0.016637
-0.040928
0.057280
-0.062397
0.054633
-0.034684
0.006062
0.025134
-0.051413
0.065895
-0.064464
0.047243
-0.018723
-0.013576
0.041416
-0.058255
0.060891
-0.049861
0.028709
-0.002619
-0.022944
0.043170
-0.054404
0.054432
-0.042807
0.021251
0.006153
-0.033363
0.053590
-0.061161
0.053415
-0.031857
0.001988
0.028249
-0.050888
0.060325
-0.054797
0.036517
-0.010605
-0.016628
0.039311
-0.053094
0.055597
-0.046444
0.027192
-0.001265
-0.026259
0.049283
-0.061929
0.060184
-0.043414
0.015070
0.017910
-0.046954
0.064400
-0.065806
0.051183
-0.024755
-0.006556
0.035239
-0.055116
0.062515
-0.056579
0.038952
-0.013219
-0.015656
0.041927
-0.059876
0.064941
-0.055028
0.031545
0.000403
-0.033003
0.057793
-0.068168
0.061438
-0.039645
0.008845
0.022847
-0.047678
0.060269
-0.058649
0.044177
-0.020706
-0.006536
0.031966
-0.050444
0.057988
-0.052512
0.034535
-0.007566
-0.022238
0.047346
-0.060877
0.058751
-0.041176
0.012792
0.018655
-0.044681
0.058610
-0.057391
0.042136
-0.017359
-0.010592
0.035276
-0.051500
0.056099
-0.048211
0.029310
-0.003062
-0.025047
0.048542
-0.061319
0.059335
-0.042092
0.013279
0.019886
-0.048586
0.065009
-0.064738
0.048049
-0.019673
-0.012799
0.041223
-0.059079
0.062852
-0.052419
0.030604
-0.002296
-0.026542
0.049825
-0.062337
0.060774
-0.044725
0.017249
0.015388
-0.045007
0.063679
-0.066115
0.051429
-0.023564
-0.009847
0.039811
-0.058656
0.062126
-0.050251
0.026873
0.001781
-0.028869
0.048456
-0.056541
0.051566
-0.034579
0.009129
0.019183
-0.043629
0.057816
-0.057442
0.041813
-0.014487
-0.017390
0.045024
-0.060618
0.059797
-0.042944
0.014974
0.016320
-0.042670
0.057634
-0.058077
0.044551
-0.020715
-0.007776
0.034537
-0.053613
0.060525
-0.053181
0.032565
-0.002940
-0.028741
0.054335
-0.066690
0.061861
-0.040581
0.008321
0.026199
-0.053603
0.066661
-0.062340
0.042433
-0.012707
-0.018999
0.044977
-0.059454
0.059637
-0.045961
0.021735
0.007571
-0.035312
0.054900
-0.061245
0.052155
-0.029288
-0.001835
0.033014
-0.055592
0.063061
-0.053179
0.028767
0.003133
-0.033471
0.053965
-0.059477
0.049240
-0.026666
-0.001965
0.029359
-0.049000
0.056452
-0.050093
0.031316
-0.004293
-0.024713
0.048528
-0.060699
0.057289
-0.038299
0.008134
0.025282
-0.052645
0.066060
-0.061535
0.040279
-0.008315
-0.025429
0.051854
-0.064281
0.060098
-0.041072
0.012478
0.018494
-0.044511
0.059619
-0.060361
0.046433
-0.020851
-0.010466
0.039812
-0.059456
0.063742
-0.050925
0.024037
0.009668
-0.040709
0.060230
-0.062752
0.047848
-0.020172
-0.012137
0.040037
-0.056228
0.057016
-0.042946
0.018241
0.010566
-0.036305
0.052737
-0.055817
0.044542
-0.021308
-0.008376
0.036941
-0.056540
0.061225
-0.048904
0.022337
0.011331
-0.042532
0.062164
-0.064450
0.048750
-0.019692
-0.014365
0.043965
-0.061315
0.062312
-0.047319
0.020679
0.010678
-0.039015
0.057518
-0.061707
0.050392
-0.026046
-0.005519
0.036308
-0.058033
0.064392
-0.053081
0.026811
0.007183
-0.039150
0.059788
-0.063158
0.048541
-0.020570
-0.012357
0.040770
-0.056966
0.057069
-0.041778
0.015778
0.013794
-0.039268
0.054238
-0.054944
0.041064
-0.015865
-0.014378
0.041712
-0.058443
0.059314
-0.043276
0.014201
0.019911
-0.049154
0.064745
-0.061846
0.041168
-0.008775
-0.025864
0.052846
-0.064812
0.058940
-0.037438
0.006569
0.025314
-0.050023
0.061488
-0.057037
0.037885
-0.008821
-0.022814
0.048770
-0.061909
0.058208
-0.038145
0.006949
0.026613
-0.052705
0.063452
-0.055512
0.031258
0.001919
-0.033971
0.055405
-0.060203
0.047504
-0.021570
-0.009786
0.037661
-0.054561
0.056248
-0.042587
0.017347
0.012831
-0.040019
0.056875
-0.058477
0.043753
-0.016086
-0.017239
0.046819
-0.063798
0.062651
-0.043135
0.010645
0.025296
-0.053978
0.066897
-0.060416
0.036794
-0.003293
-0.030236
0.054391
-0.062874
0.054001
-0.030812
-0.000059
0.030272
-0.051892
0.059287
-0.050465
0.027636
0.003175
-0.033502
0.054616
-0.060039
0.047656
-0.020685
-0.012997
0.043133
-0.060310
0.059046
-0.039653
0.008161
0.025662
-0.051495
0.061720
-0.053650
0.030097
0.001779
-0.032772
0.054298
-0.060640
0.050268
-0.026053
-0.005548
0.036088
-0.057214
0.062821
-0.050823
0.024012
0.010381
-0.042502
0.062716
-0.064633
0.047312
-0.015798
-0.020335
0.050005
-0.064205
0.058877
-0.036110
0.003281
0.029464
-0.052457
0.059367
-0.048828
0.024495
0.006304
-0.034757
0.052951
-0.055885
0.042694
-0.016903
-0.014386
0.042253
-0.058354
0.057387
-0.038919
0.007880
0.026612
-0.053918
0.065262
-0.056690
0.030534
0.005218
-0.039483
0.061701
-0.065219
0.049309
-0.019182
-0.015876
0.045508
-0.061380
0.059437
-0.040766
0.011010
0.021345
-0.047282
0.059606
-0.054822
0.034136
-0.003287
-0.028845
0.052654
-0.060662
0.049975
-0.023479
-0.010776
0.041979
-0.060037
0.058976
-0.039015
0.006558
0.027940
-0.053474
0.062092
-0.051372
0.024986
0.008713
-0.039459
0.058223
-0.059761
0.043903
-0.015373
-0.017655
0.045814
-0.061050
0.058806
-0.039367
0.007991
0.026348
-0.053410
0.064742
-0.056437
0.030640
0.004846
-0.038888
0.060617
-0.063057
0.045516
-0.013830
-0.021625
0.049448
-0.060986
0.053051
-0.028716
-0.003956
0.034661
-0.054107
0.056714
-0.042043
0.014692
0.017165
-0.044122
0.058144
-0.054823
0.034712
-0.003370
-0.030015
0.055201
-0.064008
0.053047
-0.025113
-0.011390
0.044966
-0.064755
0.064207
-0.043376
0.008981
0.027849
-0.055326
0.064923
-0.054074
0.026796
0.007883
-0.039011
0.057195
-0.057365
0.040051
-0.010938
-0.020992
0.046124
-0.056945
0.050154
-0.027646
-0.003917
0.034907
-0.055517
0.058812
-0.043105
0.012825
0.022602
-0.051650
0.064507
-0.056497
0.029850
0.006888
-0.041698
0.063164
-0.064346
0.045063
-0.011808
-0.024577
0.052576
-0.063703
0.055029
-0.029805
-0.003826
0.035491
-0.055720
0.058655
-0.043639
0.015343
0.017593
-0.045033
0.058333
-0.053035
0.030441
0.002513
-0.035241
0.056837
-0.059750
0.042525
-0.010551
-0.025584
0.053643
-0.063986
0.052963
-0.024205
-0.012655
0.045348
-0.063174
0.060541
-0.038648
0.004839
0.029989
-0.054968
0.062606
-0.050918
0.023808
0.010261
-0.040858
0.058655
-0.058182
0.039491
-0.008276
-0.025712
0.051573
-0.060721
0.049813
-0.022106
-0.013355
0.044615
-0.060873
0.056307
-0.032254
-0.003125
0.037653
-0.059412
0.060935
-0.041779
0.008573
0.027406
-0.054172
0.063068
-0.051492
0.023512
0.011693
-0.042915
0.060445
-0.058991
0.039160
-0.007178
-0.027009
0.052726
-0.061806
0.051174
-0.023979
-0.011188
0.042869
-0.060441
0.057742
-0.035379
0.000770
0.034241
-0.057449
0.060640
-0.042589
0.009582
0.026805
-0.053833
0.062139
-0.048984
0.019087
0.017186
-0.047525
0.061894
-0.055785
0.031494
0.002867
-0.036146
0.057750
-0.060913
0.044708
-0.014275
-0.020772
0.049279
-0.062013
0.054644
-0.029299
-0.005902
0.039312
-0.059577
0.059553
-0.038971
0.004763
0.031184
-0.056171
0.061255
-0.044548
0.011969
0.024867
-0.052858
0.062138
-0.049565
0.019722
0.016867
-0.047553
0.061974
-0.055493
0.030559
0.004347
-0.037666
0.058578
-0.060419
0.042700
-0.011184
-0.023958
0.051341
-0.061970
0.052183
-0.024993
-0.010703
0.042909
-0.060517
0.057207
-0.033845
-0.001570
0.036558
-0.058560
0.059524
-0.038944
0.004157
0.032279
-0.057177
0.061556
-0.043888
0.010572
0.026487
-0.054242
0.063129
-0.050314
0.020465
0.016078
-0.046962
0.061993
-0.056411
0.032299
0.002245
-0.035803
0.057336
-0.059739
0.042172
-0.010428
-0.024851
0.051623
-0.060518
0.048176
-0.018648
-0.017784
0.048093
-0.061170
0.051963
-0.023515
-0.013968
0.046784
-0.062793
0.055965
-0.028654
-0.009261
0.044058
-0.063239
0.060056
-0.035841
-0.000660
0.036576
-0.059535
0.061927
-0.043351
0.010511
0.025255
-0.051882
0.060582
-0.048674
0.020392
0.014559
-0.044212
0.058326
-0.051889
0.026956
0.007867
-0.040243
0.058389
-0.055354
0.031751
0.004199
-0.039456
0.060889
-0.060212
0.037230
-0.000085
-0.037682
0.062165
-0.064318
0.043332
-0.006900
-0.031723
0.058674
-0.064551
0.047708
-0.014615
-0.022697
0.051073
-0.060875
0.049203
-0.020665
-0.014427
0.043728
-0.057092
0.049989
-0.025001
-0.009056
0.040115
-0.056990
0.053317
-0.029943
-0.005131
0.039385
-0.060180
0.059411
-0.036701
-0.000164
0.037884
-0.062488
0.064615
-0.043165
0.005868
0.033549
-0.060527
0.065197
-0.046086
0.010597
0.027906
-0.055211
0.061574
-0.045213
0.012730
0.023565
-0.050326
0.058021
-0.044237
0.014327
0.020687
-0.048126
0.058123
-0.047034
0.018681
0.016971
-0.047245
0.061164
-0.053364
0.026145
0.011119
-0.045150
0.063475
-0.059056
0.033086
0.005187
-0.041712
0.062838
-0.060536
0.035598
0.002531
-0.039301
0.060661
-0.058512
0.033861
0.003604
-0.039332
0.059584
-0.056729
0.032069
0.004809
-0.039837
0.059864
-0.057543
0.033917
0.002167
-0.037462
0.059204
-0.059669
0.038831
-0.004246
-0.031699
0.056190
-0.060507
0.043117
-0.010273
-0.026137
0.052800
-0.059807
0.044395
-0.012156
-0.024843
0.052474
-0.059915
0.043942
-0.010399
-0.027856
0.055845
-0.062345
0.044415
-0.008704
-0.031051
0.059386
-0.065203
0.046152
-0.009536
-0.030600
0.058985
-0.065037
0.046840
-0.011685
-0.026921
0.054522
-0.061155
0.044930
-0.012486
-0.023712
0.050112
-0.057071
0.042296
-0.011556
-0.023506
0.049670
-0.056981
0.042442
-0.011215
-0.025146
0.052873
-0.061117
0.046161
-0.013074
-0.025941
0.056032
-0.065392
0.049976
-0.015307
-0.025451
0.056539
-0.065809
0.049618
-0.014366
-0.025987
0.055490
-0.062590
0.044742
-0.009366
-0.029216
0.055590
-0.059404
0.039399
-0.003746
-0.033348
0.057318
-0.058911
0.037651
-0.001839
-0.034786
0.058347
-0.060041
0.039344
-0.004088
-0.032543
0.056925
-0.060038
0.040793
-0.006457
-0.030010
0.054769
-0.058328
0.039236
-0.004796
-0.031579
0.055484
-0.057192
0.035652
0.000849
-0.037783
0.060112
-0.058395
0.032788
0.006804
-0.044589
0.065247
-0.060212
0.031237
0.010243
-0.047732
0.066372
-0.058937
0.028685
0.012091
-0.047131
0.062783
-0.053373
0.023267
0.015114
-0.046408
0.058421
-0.046819
0.016624
0.019959
-0.048413
0.057557
-0.043805
0.012474
0.024301
-0.052220
0.060292
-0.045073
0.012083
0.026185
-0.054968
0.062924
-0.046641
0.012162
0.027174
-0.055871
0.062431
-0.044081
0.008093
0.030984
-0.057159
0.059582
-0.037127
-0.000988
0.038919
-0.060748
0.057161
-0.029415
-0.011117
0.047656
-0.065012
0.055909
-0.023988
-0.017759
0.052407
-0.066065
0.053498
-0.020095
-0.020508
0.052086
-0.062371
0.047843
-0.014900
-0.022930
0.050504
-0.057076
0.040426
-0.007585
-0.028071
0.052146
-0.054901
0.035090
-0.000481
-0.035138
0.057365
-0.056907
0.033402
0.004228
-0.041143
0.062431
-0.059164
0.032199
0.007917
-0.045054
0.064034
-0.056960
0.026643
0.014388
-0.049018
0.062710
-0.049705
0.015546
0.025196
-0.055087
0.061277
-0.041011
0.002830
0.037063
-0.061717
0.060633
-0.034179
-0.006637
0.044878
-0.064815
0.058445
-0.028680
-0.012057
0.047105
-0.062463
0.052414
-0.021648
-0.016882
0.047378
-0.057634
0.043875
-0.012136
-0.024308
0.050370
-0.055260
0.036847
-0.002543
-0.033628
0.056677
-0.056752
0.033273
0.004631
-0.041662
0.062524
-0.058271
0.030192
0.010484
-0.047059
0.064286
-0.054847
0.022610
0.018832
-0.051838
0.062263
-0.045607
0.009082
0.031418
-0.058167
0.059338
-0.034216
-0.006419
0.044951
-0.064580
0.056639
-0.024355
-0.018571
0.053914
-0.066773
0.051906
-0.015847
-0.026050
0.056248
-0.062464
0.042716
-0.005921
-0.032095
0.055376
-0.054503
0.030374
0.006378
-0.039986
0.056190
-0.048153
0.019234
0.018450
-0.049061
0.059606
-0.045340
0.011809
0.027338
-0.055912
0.061889
-0.042496
0.005529
0.033738
-0.058868
0.059215
-0.034564
-0.004598
0.041416
-0.059876
0.051802
-0.020577
-0.020145
0.052299
-0.061352
0.042828
-0.004482
-0.036960
0.063113
-0.062100
0.033925
0.009414
-0.049147
0.068001
-0.057832
0.023197
0.020705
-0.054789
0.064504
-0.046157
0.008370
0.031901
-0.056943
0.056061
-0.030128
-0.009004
0.043876
-0.059123
0.048119
-0.015726
-0.023964
0.053800
-0.060949
0.042326
-0.005809
-0.033192
0.058306
-0.059101
0.035434
0.002547
-0.038728
0.057851
-0.051975
0.023857
0.014199
-0.045571
0.056467
-0.041942
0.008185
0.030008
-0.055583
0.056731
-0.032247
-0.007662
0.045634
-0.064717
0.055952
-0.022576
-0.021160
0.056147
-0.066898
0.048559
-0.009221
-0.033587
0.060740
-0.060166
0.032353
0.009835
-0.047002
0.062073
-0.048113
0.011508
0.030951
-0.059748
0.061566
-0.035346
-0.007252
0.047170
-0.066595
0.056957
-0.022685
-0.020921
0.054649
-0.063970
0.045386
-0.007763
-0.031849
0.055922
-0.054206
0.028101
0.010191
-0.043255
0.056241
-0.043394
0.010494
0.027781
-0.054358
0.057281
-0.034951
-0.003147
0.040555
-0.060992
0.055465
-0.026242
-0.014059
0.047921
-0.060585
0.046585
-0.012251
-0.026992
0.053434
-0.055027
0.030922
0.007965
-0.043746
0.059639
-0.047731
0.012834
0.029454
-0.059717
0.063633
-0.038720
-0.004266
0.046063
-0.067673
0.059149
-0.024306
-0.020937
0.055859
-0.064546
0.043298
-0.002361
-0.038882
0.060999
-0.053632
0.020348
0.023060
-0.056018
0.062838
-0.040070
-0.001907
0.043756
-0.066204
0.058962
-0.025409
-0.019093
0.054382
-0.064782
0.046185
-0.007715
-0.032692
0.056634
-0.053646
0.025811
0.013439
-0.045661
0.055915
-0.039538
0.004164
0.033871
-0.057017
0.054489
-0.027137
-0.012952
0.047898
-0.062071
0.049110
-0.014786
-0.025571
0.053957
-0.057796
0.035636
0.002166
-0.038118
0.055569
-0.046388
0.014809
0.024379
-0.052583
0.056058
-0.032465
-0.007771
0.046086
-0.064329
0.053345
-0.017490
-0.027115
0.059955
-0.065711
0.041572
0.001267
-0.042748
0.063397
-0.053601
0.018272
0.025417
-0.056225
0.059068
-0.032369
-0.011079
0.050191
-0.065745
0.049718
-0.009256
-0.036647
0.066228
-0.065381
0.034432
0.012029
-0.052155
0.067299
-0.050866
0.011323
0.032028
-0.058420
0.055578
-0.025475
-0.016810
0.050502
-0.059175
0.038591
0.001382
-0.041604
0.062852
-0.054949
0.021500
0.021930
-0.055239
0.063242
-0.042682
0.003572
0.035682
-0.056986
0.050978
-0.021242
-0.017571
0.046777
-0.052484
0.032098
0.004521
-0.039747
0.056517
-0.046395
0.013617
0.026796
-0.056007
0.060174
-0.037004
-0.003052
0.041580
-0.060782
0.051854
-0.019208
-0.021531
0.050886
-0.054813
0.031506
0.007601
-0.043225
0.057523
-0.042850
0.005713
0.036124
-0.062112
0.058947
-0.027259
-0.018390
0.056344
-0.068313
0.048360
-0.005970
-0.038430
0.063387
-0.056966
0.022685
0.022155
-0.055000
0.059263
-0.032652
-0.011569
0.051108
-0.065744
0.047493
-0.004742
-0.041778
0.069208
-0.063906
0.028253
0.020482
-0.058680
0.068046
-0.044608
0.000563
0.041915
-0.061787
0.049595
-0.012062
-0.031431
0.058645
-0.055641
0.023716
0.021313
-0.057037
0.065618
-0.042599
-0.000963
0.044037
-0.066006
0.056730
-0.021340
-0.022512
0.053479
-0.057007
0.032313
0.007504
-0.042161
0.054298
-0.038003
0.001596
0.036606
-0.057390
0.050106
-0.017877
-0.023954
0.055314
-0.061154
0.038711
0.001215
-0.039548
0.058197
-0.048772
0.016552
0.022204
-0.048274
0.048906
-0.024067
-0.013553
0.044794
-0.053513
0.034651
0.003093
-0.041376
0.061152
-0.052110
0.017929
0.025306
-0.056853
0.061482
-0.037057
-0.004294
0.042087
-0.057641
0.043445
-0.007022
-0.032756
0.055142
-0.048105
0.014627
0.028538
-0.059190
0.060963
-0.031847
-0.014460
0.055202
-0.069980
0.051158
-0.007912
-0.038243
0.064297
-0.057460
0.021749
0.024016
-0.055867
0.057078
-0.026908
-0.018882
0.056097
-0.064656
0.039139
0.008170
-0.053415
0.073385
-0.057515
0.013451
0.036771
-0.067996
0.064869
-0.029698
-0.018814
0.055338
-0.061098
0.033602
0.012128
-0.051488
0.063209
-0.040543
-0.005154
0.050284
-0.071277
0.056857
-0.013921
-0.036013
0.067914
-0.066111
0.032259
0.015718
-0.053059
0.061031
-0.036517
-0.006616
0.044982
-0.058014
0.038706
0.002812
-0.044653
0.064647
-0.051884
0.012358
0.034167
-0.064375
0.063351
-0.032105
-0.013151
0.049509
-0.059158
0.038373
0.000872
-0.037395
0.051931
-0.037099
0.001083
0.036783
-0.056156
0.046278
-0.011552
-0.030732
0.059270
-0.059640
0.031619
0.010787
-0.046555
0.058350
-0.041241
0.005001
0.031129
-0.048440
0.038386
-0.006888
-0.028852
0.049370
-0.043110
0.012514
0.027114
-0.055417
0.057455
-0.031468
-0.010084
0.046784
-0.060619
0.045169
-0.008854
-0.029430
0.050084
-0.042948
0.012555
0.024263
-0.047223
0.043329
-0.013875
-0.026006
0.055110
-0.057284
0.030088
0.013605
-0.052029
0.065729
-0.047730
0.007300
0.034764
-0.056956
0.048352
-0.014389
-0.025990
0.050422
-0.045149
0.012566
0.029819
-0.058608
0.057083
-0.024436
-0.023389
0.061839
-0.070691
0.044896
0.002506
-0.047120
0.066064
-0.050163
0.008874
0.034791
-0.056702
0.044749
-0.005560
-0.038949
0.063432
-0.053033
0.011784
0.039184
-0.072794
0.070616
-0.032988
-0.020906
0.063161
-0.072092
0.043905
0.005280
-0.048222
0.061450
-0.038130
-0.008150
0.050826
-0.065024
0.041432
0.008269
-0.057514
0.079244
-0.060762
0.010881
0.044621
-0.076852
0.069435
-0.027350
-0.025869
0.061092
-0.059596
0.023316
0.026332
-0.060418
0.058675
-0.020927
-0.032587
0.072245
-0.075388
0.038957
0.018588
-0.067181
0.081491
-0.054690
0.002079
0.047445
-0.067345
0.048005
-0.001849
-0.043802
0.062134
-0.041941
-0.006005
0.054863
-0.076650
0.057893
-0.007306
-0.048814
0.080926
-0.072396
0.028529
0.026511
-0.063129
0.062611
-0.027257
-0.021254
0.054275
-0.052402
0.016412
0.033170
-0.067623
0.066204
-0.027915
-0.027728
0.071349
-0.079856
0.049093
0.004008
-0.050917
0.067296
-0.046281
0.001887
0.039248
-0.053080
0.031737
0.012120
-0.052572
0.065186
-0.040943
-0.008496
0.057112
-0.078884
0.062150
-0.015967
-0.035028
0.064296
-0.057953
0.022083
0.021180
-0.046449
0.039511
-0.005235
-0.035412
0.057472
-0.046342
0.006235
0.041975
-0.072308
0.068102
-0.031233
-0.018993
0.056575
-0.063120
0.037686
0.003231
-0.035433
0.040856
-0.017679
-0.018950
0.045872
-0.045381
0.015535
0.028518
-0.062920
0.068431
-0.041186
-0.005140
0.046909
-0.063519
0.048518
-0.012671
-0.022607
0.037595
-0.025343
-0.004736
0.032690
-0.039816
0.019650
0.018104
-0.052905
0.064923
-0.046229
0.005335
0.037432
-0.061075
0.055284
-0.025682
-0.009865
0.031631
-0.029142
0.006736
0.019472
-0.031332
0.019456
0.011126
-0.043664
0.059163
-0.047219
0.012072
0.029542
-0.057474
0.059058
-0.035705
0.001600
0.024606
-0.030311
0.015694
0.007032
-0.021262
0.016038
0.007333
-0.035863
0.052295
-0.045079
0.015203
0.024003
-0.053978
0.060918
-0.043044
0.011142
0.017794
-0.030108
0.022770
-0.004380
-0.010528
0.010448
0.006107
-0.029593
0.044974
-0.040563
0.015083
0.021116
-0.051399
0.061733
-0.048119
0.018451
0.012129
-0.029660
0.028756
-0.014869
0.000291
0.003610
0.006646
-0.024530
0.037406
-0.034161
0.012105
0.020868
-0.050132
0.062057
-0.051263
0.023359
0.008298
-0.029908
0.034429
-0.024695
0.010831
-0.003667
0.008067
-0.020071
0.029446
-0.026111
0.006632
0.023036
-0.050208
